Stdnt Id  Ex  ------- Assignments ---------  Tot  Mi  Fin  CL  Pts  Pct  Gr
--------  --  -----------------------------  ---  --  ---  --  ---  ---  --
87654321  46  20 19 20 19 20 19 20 19 20 19  176  68   98   9  397   99  A+
56724636  38  18 18 20 16 16 12 16 18 16 19  157  68   96   9  368   92  A-
74974049  38  11 19 19 15 16 17 18 20 20 13  157  68   90  10  363   91  A-
85868414  48  20 19 14 14 13 15 19 20 20 13  154  59   94   6  361   90  A-
95864348  48  20  4 20 14 13 11 18 15 20 20  151  55   99   7  360   90  A-
93729985  33  19 18 16 18 12 20  8 19 14 20  156  67   89   9  354   89  B+
35998165  44  18 20 18 18 16 10 18 15 17 18  158  54   83   8  347   87  B-
01234567  48  16 20 14 18 14 18 16 15 15 16  148  57   85   8  346   87  B-
50139080  40  20 20 15 16 13 20  4 20 11  5  140  62   95   8  345   86  B+
68315319  50   6 14 19 19 19 18  9 16 17 20  151  53   81   9  344   86  B-
57809572  45   6 19 20  5 19  5  5 19 18 14  125  70   96   7  343   86  B+
89096607  37  19 17  8 16 16  3 20 11 18 17  142  67   85   9  340   85  B-
81148779  33  15 13 14 14 19 20 11 16 16 12  139  63   97   4  336   84  B-
68507434  41  20 17 20 18 11 18 12 19  6 17  152  47   80   8  328   82  B-
77859185  46  20 19  7 10 15 12 14 17 18 12  137  56   80   9  328   82  B-
99587442  40  11 12 18 10 15 11 19 14 15 19  134  57   93   4  328   82  B 
80739909  12  16 20 14 19 15 15  8 17 18 12  146  67   93   9  327   82  B-
63348737  41  11 20 20  6 13 19 19 15 17  8  142  66   67  10  326   82  B-
69376571  48  14 19 19 20 19 19 16 18 20  8  164  40   68   5  325   81  B-
74075368  27  17 14 20 13 14 20 16 11 12 19  145  56   90   6  324   81  B-
57878135  43  13 13 11 11 16 14 18 15 19 19  138  62   73   7  323   81  B-
98459005  39  17 18 16 12 18 10 13 19 16  7  139  49   92   4  323   81  B-
30587366  47  18 11 19 19  6 17 19 17 15 17  152  42   72   9  322   81  B-
88013992  34   4 18 10 20 19 16 10  8 14 19  134  45   98  10  321   80  B-
83406759  46  16 18  4 14 16 19 20 12 14  7  136  57   71  10  320   80  B-
76083210  37  12 11 15 17 17 13 11 18 20  9  134  67   76   4  318   80  B-
52266012  36  14 16 15 20 18 13 14 20 19  2  149  52   72   8  317   79  C+
49402614  39   9 18 20 19  3 13 18 19 16  8  140  44   83   8  314   79  C+
59369118  33   8 19 19 19 15 19 17 14 16 17  155  45   76   3  312   78  C-
72137258  35   6 15 18 16 17 18 18  7 15 17  141  56   77   3  312   78  C-
96288488  18  16 20 20  7 11 15 17 10 14 11  134  67   83   6  308   77  C-
89848685  34  15  6  7 13 12 19 19 11 12  6  114  54   99   6  307   77  C+
49743198  46   9 19 20 15  8 16 19 11 17 14  140  69   38   7  300   75  C-
73209724  40  19 15 15  7 20 18 13  9 15 15  139  54   56  10  299   75  C+
94349760  48  20 17 12 12 18 17 17 20  8  5  141  33   68   8  298   75  C-
22879177  34  13 20 11 13 11 16 11 20 14 15  133  61   67   2  297   74  C+
80127661  22  19 19 17 14 19 18 19 15 14  8  154  18   93  10  297   74  C-
82339627  22  17 13 18 13  4 13 14 16 20  7  131  69   67   7  296   74  C+
43719431  10  19 18 18 13 18 19 20 18 15 16  161  62   54   9  296   74  C-
92378153  34  20 12 10 20 16  5 12 16 11 20  137  64   51   5  291   73  C-
75117670  48  20 13 15 20 20 15 17 18 19  3  157  39   39   4  287   72  C+
76634646  43  17  7 20 18 15 10 13 16 11 12  132  52   51   8  286   72  C-
66718189  48  11 12 16 17 20  6 19 14 12 19  140  67   26   1  282   71  C-
92058829  43  20  7 12 17 17  5 19 15 19  5  131  63   41   4  282   71  C-
49727845  45  18 13  8 19 18  6 15 15 13 12  131  61   39   6  282   71  C-
56557465  26  20 14  8 16 19 17 19 12 18 12  147  18   76   8  275   69  D+
81055197  28  14  7 10 13 18  3 13 20 19 15  129  39   63   9  268   67  D+
76543210  29   3 10 10 10 15 10 15 10 15 10  105  50   71   0  255   64  D-
76543211  19   0 15 10 10 15 10 15 10 15 10  110  50   70   0  249   62  D-
92569684  27  15 16  3 20  6 19  7 19 20  6  128  30   27   9  221   55  F-
