Date,Open,High,Low,Close,Volume,Adj Close
2017-02-24,10.73,10.73,10.73,10.73,000,10.73
2017-02-23,10.69,10.69,10.69,10.69,000,10.69
2017-02-22,10.68,10.68,10.68,10.68,000,10.68
2017-02-21,10.67,10.67,10.67,10.67,000,10.67
2017-02-17,10.67,10.67,10.67,10.67,000,10.67
2017-02-16,10.66,10.66,10.66,10.66,000,10.66
2017-02-15,10.63,10.63,10.63,10.63,000,10.63
2017-02-14,10.65,10.65,10.65,10.65,000,10.65
2017-02-13,10.67,10.67,10.67,10.67,000,10.67
2017-02-10,10.68,10.68,10.68,10.68,000,10.68
2017-02-09,10.68,10.68,10.68,10.68,000,10.68
2017-02-08,10.72,10.72,10.72,10.72,000,10.72
2017-02-07,10.69,10.69,10.69,10.69,000,10.69
2017-02-06,10.68,10.68,10.68,10.68,000,10.68
2017-02-03,10.65,10.65,10.65,10.65,000,10.65
2017-02-02,10.64,10.64,10.64,10.64,000,10.64
2017-02-01,10.64,10.64,10.64,10.64,000,10.64
2017-01-31,10.66,10.66,10.66,10.66,000,10.66
2017-01-30,10.64,10.64,10.64,10.64,000,10.619
2017-01-27,10.64,10.64,10.64,10.64,000,10.619
2017-01-26,10.63,10.63,10.63,10.63,000,10.60902
2017-01-25,10.62,10.62,10.62,10.62,000,10.599039
2017-01-24,10.65,10.65,10.65,10.65,000,10.62898
2017-01-23,10.68,10.68,10.68,10.68,000,10.658921
2017-01-20,10.65,10.65,10.65,10.65,000,10.62898
2017-01-19,10.64,10.64,10.64,10.64,000,10.619
2017-01-18,10.66,10.66,10.66,10.66,000,10.63896
2017-01-17,10.72,10.72,10.72,10.72,000,10.698842
2017-01-13,10.68,10.68,10.68,10.68,000,10.658921
2017-01-12,10.70,10.70,10.70,10.70,000,10.678881
2017-01-11,10.70,10.70,10.70,10.70,000,10.678881
2017-01-10,10.69,10.69,10.69,10.69,000,10.668901
2017-01-09,10.70,10.70,10.70,10.70,000,10.678881
2017-01-06,10.67,10.67,10.67,10.67,000,10.648941
2017-01-05,10.71,10.71,10.71,10.71,000,10.688862
2017-01-04,10.66,10.66,10.66,10.66,000,10.63896
2017-01-03,10.65,10.65,10.65,10.65,000,10.62898
2016-12-30,10.65,10.65,10.65,10.65,000,10.62898
2016-12-29,10.63,10.63,10.63,10.63,000,10.588061
2016-12-28,10.61,10.61,10.61,10.61,000,10.568139
2016-12-27,10.58,10.58,10.58,10.58,000,10.538258
2016-12-23,10.59,10.59,10.59,10.59,000,10.548219
2016-12-22,10.59,10.59,10.59,10.59,000,10.548219
2016-12-21,10.59,10.59,10.59,10.59,000,10.548219
2016-12-20,10.58,10.58,10.58,10.58,000,10.533278
2016-12-19,10.59,10.59,10.59,10.59,000,10.543234
2016-12-16,10.56,10.56,10.56,10.56,000,10.513367
2016-12-15,10.55,10.55,10.55,10.55,000,10.503411
2016-12-14,10.57,10.57,10.57,10.57,000,10.523322
2016-12-13,10.63,10.63,10.63,10.63,000,10.583058
2016-12-12,10.62,10.62,10.62,10.62,000,10.573101
2016-12-09,10.62,10.62,10.62,10.62,000,10.573101
2016-12-08,10.66,10.66,10.66,10.66,000,10.612925
2016-12-07,10.69,10.69,10.69,10.69,000,10.642792
2016-12-06,10.66,10.66,10.66,10.66,000,10.612925
2016-12-05,10.65,10.65,10.65,10.65,000,10.602969
2016-12-02,10.66,10.66,10.66,10.66,000,10.612925
2016-12-01,10.63,10.63,10.63,10.63,000,10.583058
2016-11-30,10.65,10.65,10.65,10.65,000,10.602969
2016-11-29,10.70,10.70,10.70,10.70,000,10.632836
2016-11-28,10.69,10.69,10.69,10.69,000,10.622899
2016-11-25,10.65,10.65,10.65,10.65,000,10.58315
2016-11-23,10.66,10.66,10.66,10.66,000,10.593087
2016-11-22,10.68,10.68,10.68,10.68,000,10.612962
2016-11-21,10.68,10.68,10.68,10.68,000,10.612962
2016-11-18,10.68,10.68,10.68,10.68,000,10.612962
2016-11-17,10.71,10.71,10.71,10.71,000,10.642774
2016-11-16,10.75,10.75,10.75,10.75,000,10.682523
2016-11-15,10.73,10.73,10.73,10.73,000,10.662648
2016-11-14,10.72,10.72,10.72,10.72,000,10.652711
2016-11-11,10.76,10.76,10.76,10.76,000,10.69246
2016-11-10,10.78,10.78,10.78,10.78,000,10.712334
2016-11-09,10.82,10.82,10.82,10.82,000,10.752083
2016-11-08,10.93,10.93,10.93,10.93,000,10.861393
2016-11-07,10.95,10.95,10.95,10.95,000,10.881267
2016-11-04,10.98,10.98,10.98,10.98,000,10.911078
2016-11-03,10.96,10.96,10.96,10.96,000,10.891204
2016-11-02,10.97,10.97,10.97,10.97,000,10.901142
2016-11-01,10.96,10.96,10.96,10.96,000,10.891204
2016-10-31,10.96,10.96,10.96,10.96,000,10.891204
2016-10-28,10.95,10.95,10.95,10.95,000,10.860399
2016-10-27,10.95,10.95,10.95,10.95,000,10.860399
2016-10-26,10.98,10.98,10.98,10.98,000,10.890153
2016-10-25,11.00,11.00,11.00,11.00,000,10.90999
2016-10-24,11.00,11.00,11.00,11.00,000,10.90999
2016-10-21,11.01,11.01,11.01,11.01,000,10.919909
2016-10-20,11.01,11.01,11.01,11.01,000,10.919909
2016-10-19,11.01,11.01,11.01,11.01,000,10.919909
2016-10-18,11.00,11.00,11.00,11.00,000,10.90999
2016-10-17,10.99,10.99,10.99,10.99,000,10.900072
2016-10-14,10.97,10.97,10.97,10.97,000,10.880236
2016-10-13,11.00,11.00,11.00,11.00,000,10.90999
2016-10-12,10.99,10.99,10.99,10.99,000,10.900072
2016-10-11,10.98,10.98,10.98,10.98,000,10.890153
2016-10-10,10.98,10.98,10.98,10.98,000,10.890153
2016-10-07,11.01,11.01,11.01,11.01,000,10.919909
2016-10-06,11.00,11.00,11.00,11.00,000,10.90999
2016-10-05,11.02,11.02,11.02,11.02,000,10.929827
2016-10-04,11.03,11.03,11.03,11.03,000,10.939745
2016-10-03,11.06,11.06,11.06,11.06,000,10.9695
2016-09-30,11.07,11.07,11.07,11.07,000,10.979417
2016-09-29,11.10,11.10,11.10,11.10,000,10.988344
2016-09-28,11.09,11.09,11.09,11.09,000,10.978445
2016-09-27,11.09,11.09,11.09,11.09,000,10.978445
2016-09-26,11.08,11.08,11.08,11.08,000,10.968545
2016-09-23,11.06,11.06,11.06,11.06,000,10.948747
2016-09-22,11.06,11.06,11.06,11.06,000,10.948747
2016-09-21,11.04,11.04,11.04,11.04,000,10.928947
2016-09-20,11.02,11.02,11.02,11.02,000,10.909149
2016-09-19,11.01,11.01,11.01,11.01,000,10.899249
2016-09-16,11.02,11.02,11.02,11.02,000,10.909149
2016-09-15,11.01,11.01,11.01,11.01,000,10.899249
2016-09-14,11.01,11.01,11.01,11.01,000,10.899249
2016-09-13,11.00,11.00,11.00,11.00,000,10.88935
2016-09-12,11.03,11.03,11.03,11.03,000,10.919048
2016-09-09,11.03,11.03,11.03,11.03,000,10.919048
2016-09-08,11.08,11.08,11.08,11.08,000,10.968545
2016-09-07,11.12,11.12,11.12,11.12,000,11.008142
2016-09-06,11.12,11.12,11.12,11.12,000,11.008142
2016-09-02,11.08,11.08,11.08,11.08,000,10.968545
2016-09-01,11.10,11.10,11.10,11.10,000,10.988344
2016-08-31,11.10,11.10,11.10,11.10,000,10.988344
2016-08-30,11.10,11.10,11.10,11.10,000,10.967555
2016-08-29,11.11,11.11,11.11,11.11,000,10.977435
2016-08-26,11.07,11.07,11.07,11.07,000,10.937912
2016-08-25,11.10,11.10,11.10,11.10,000,10.967555
2016-08-24,11.11,11.11,11.11,11.11,000,10.977435
2016-08-23,11.11,11.11,11.11,11.11,000,10.977435
2016-08-22,11.11,11.11,11.11,11.11,000,10.977435
2016-08-19,11.09,11.09,11.09,11.09,000,10.957674
2016-08-18,11.11,11.11,11.11,11.11,000,10.977435
2016-08-17,11.10,11.10,11.10,11.10,000,10.967555
2016-08-16,11.09,11.09,11.09,11.09,000,10.957674
2016-08-15,11.09,11.09,11.09,11.09,000,10.957674
2016-08-12,11.12,11.12,11.12,11.12,000,10.987316
2016-08-11,11.09,11.09,11.09,11.09,000,10.957674
2016-08-10,11.12,11.12,11.12,11.12,000,10.987316
2016-08-09,11.11,11.11,11.11,11.11,000,10.977435
2016-08-08,11.08,11.08,11.08,11.08,000,10.947793
2016-08-05,11.07,11.07,11.07,11.07,000,10.937912
2016-08-04,11.12,11.12,11.12,11.12,000,10.987316
2016-08-03,11.09,11.09,11.09,11.09,000,10.957674
2016-08-02,11.09,11.09,11.09,11.09,000,10.957674
2016-08-01,11.12,11.12,11.12,11.12,000,10.987316
2016-07-29,11.14,11.14,11.14,11.14,000,11.007078
2016-07-28,11.11,11.11,11.11,11.11,000,10.956686
2016-07-27,11.12,11.12,11.12,11.12,000,10.966548
2016-07-26,11.08,11.08,11.08,11.08,000,10.9271
2016-07-25,11.08,11.08,11.08,11.08,000,10.9271
2016-07-22,11.09,11.09,11.09,11.09,000,10.936963
2016-07-21,11.09,11.09,11.09,11.09,000,10.936963
2016-07-20,11.08,11.08,11.08,11.08,000,10.9271
2016-07-19,11.10,11.10,11.10,11.10,000,10.946825
2016-07-18,11.08,11.08,11.08,11.08,000,10.9271
2016-07-15,11.08,11.08,11.08,11.08,000,10.9271
2016-07-14,11.11,11.11,11.11,11.11,000,10.956686
2016-07-13,11.14,11.14,11.14,11.14,000,10.986273
2016-07-12,11.11,11.11,11.11,11.11,000,10.956686
2016-07-11,11.15,11.15,11.15,11.15,000,10.996134
2016-07-08,11.18,11.18,11.18,11.18,000,11.025721
2016-07-07,11.16,11.16,11.16,11.16,000,11.005996
2016-07-06,11.16,11.16,11.16,11.16,000,11.005996
2016-07-05,11.16,11.16,11.16,11.16,000,11.005996
2016-07-01,11.12,11.12,11.12,11.12,000,10.966548
2016-06-30,11.09,11.09,11.09,11.09,000,10.936963
2016-06-29,11.07,11.07,11.07,11.07,000,10.896528
2016-06-28,11.09,11.09,11.09,11.09,000,10.916215
2016-06-27,11.09,11.09,11.09,11.09,000,10.916215
2016-06-24,11.03,11.03,11.03,11.03,000,10.857154
2016-06-23,10.96,10.96,10.96,10.96,000,10.788252
2016-06-22,10.99,10.99,10.99,10.99,000,10.817781
2016-06-21,10.98,10.98,10.98,10.98,000,10.807938
2016-06-20,10.99,10.99,10.99,10.99,000,10.817781
2016-06-17,11.02,11.02,11.02,11.02,000,10.847312
2016-06-16,11.03,11.03,11.03,11.03,000,10.857154
2016-06-15,11.03,11.03,11.03,11.03,000,10.857154
2016-06-14,11.01,11.01,11.01,11.01,000,10.837468
2016-06-13,11.02,11.02,11.02,11.02,000,10.847312
2016-06-10,11.01,11.01,11.01,11.01,000,10.837468
2016-06-09,10.99,10.99,10.99,10.99,000,10.817781
2016-06-08,10.98,10.98,10.98,10.98,000,10.807938
2016-06-07,10.97,10.97,10.97,10.97,000,10.798095
2016-06-06,10.96,10.96,10.96,10.96,000,10.788252
2016-06-03,10.98,10.98,10.98,10.98,000,10.807938
2016-06-02,10.92,10.92,10.92,10.92,000,10.748878
2016-06-01,10.90,10.90,10.90,10.90,000,10.729191
2016-05-31,10.90,10.90,10.90,10.90,000,10.729191
2016-05-27,10.88,10.88,10.88,10.88,000,10.68785
2016-05-26,10.90,10.90,10.90,10.90,000,10.707496
2016-05-25,10.87,10.87,10.87,10.87,000,10.678026
2016-05-24,10.88,10.88,10.88,10.88,000,10.68785
2016-05-23,10.89,10.89,10.89,10.89,000,10.697674
2016-05-20,10.89,10.89,10.89,10.89,000,10.697674
2016-05-19,10.89,10.89,10.89,10.89,000,10.697674
2016-05-18,10.88,10.88,10.88,10.88,000,10.68785
2016-05-17,10.93,10.93,10.93,10.93,000,10.736967
2016-05-16,10.94,10.94,10.94,10.94,000,10.74679
2016-05-13,10.97,10.97,10.97,10.97,000,10.776261
2016-05-12,10.95,10.95,10.95,10.95,000,10.756613
2016-05-11,10.96,10.96,10.96,10.96,000,10.766437
2016-05-10,10.95,10.95,10.95,10.95,000,10.756613
2016-05-09,10.95,10.95,10.95,10.95,000,10.756613
2016-05-06,10.94,10.94,10.94,10.94,000,10.74679
2016-05-05,10.96,10.96,10.96,10.96,000,10.766437
2016-05-04,10.94,10.94,10.94,10.94,000,10.74679
2016-05-03,10.93,10.93,10.93,10.93,000,10.736967
2016-05-02,10.90,10.90,10.90,10.90,000,10.707496
2016-04-29,10.92,10.92,10.92,10.92,000,10.727144
2016-04-28,10.92,10.92,10.92,10.92,000,10.706514
2016-04-27,10.89,10.89,10.89,10.89,000,10.677101
2016-04-26,10.86,10.86,10.86,10.86,000,10.647687
2016-04-25,10.88,10.88,10.88,10.88,000,10.667296
2016-04-22,10.88,10.88,10.88,10.88,000,10.667296
2016-04-21,10.89,10.89,10.89,10.89,000,10.677101
2016-04-20,10.90,10.90,10.90,10.90,000,10.686905
2016-04-19,10.93,10.93,10.93,10.93,000,10.716319
2016-04-18,10.93,10.93,10.93,10.93,000,10.716319
2016-04-15,10.94,10.94,10.94,10.94,000,10.726123
2016-04-14,10.91,10.91,10.91,10.91,000,10.69671
2016-04-13,10.93,10.93,10.93,10.93,000,10.716319
2016-04-12,10.92,10.92,10.92,10.92,000,10.706514
2016-04-11,10.94,10.94,10.94,10.94,000,10.726123
2016-04-08,10.94,10.94,10.94,10.94,000,10.726123
2016-04-07,10.95,10.95,10.95,10.95,000,10.735928
2016-04-06,10.92,10.92,10.92,10.92,000,10.706514
2016-04-05,10.94,10.94,10.94,10.94,000,10.726123
2016-04-04,10.91,10.91,10.91,10.91,000,10.69671
2016-04-01,10.91,10.91,10.91,10.91,000,10.69671
2016-03-31,10.90,10.90,10.90,10.90,000,10.686905
2016-03-30,10.88,10.88,10.88,10.88,000,10.645727
2016-03-29,10.89,10.89,10.89,10.89,000,10.655512
2016-03-28,10.84,10.84,10.84,10.84,000,10.606588
2016-03-24,10.84,10.84,10.84,10.84,000,10.606588
2016-03-23,10.85,10.85,10.85,10.85,000,10.616373
2016-03-22,10.81,10.81,10.81,10.81,000,10.577234
2016-03-21,10.82,10.82,10.82,10.82,000,10.587018
2016-03-18,10.84,10.84,10.84,10.84,000,10.606588
2016-03-17,10.82,10.82,10.82,10.82,000,10.587018
2016-03-16,10.81,10.81,10.81,10.81,000,10.577234
2016-03-15,10.77,10.77,10.77,10.77,000,10.538096
2016-03-14,10.77,10.77,10.77,10.77,000,10.538096
2016-03-11,10.76,10.76,10.76,10.76,000,10.528311
2016-03-10,10.77,10.77,10.77,10.77,000,10.538096
2016-03-09,10.79,10.79,10.79,10.79,000,10.557665
2016-03-08,10.81,10.81,10.81,10.81,000,10.577234
2016-03-07,10.77,10.77,10.77,10.77,000,10.538096
2016-03-04,10.78,10.78,10.78,10.78,000,10.54788
2016-03-03,10.80,10.80,10.80,10.80,000,10.567449
2016-03-02,10.78,10.78,10.78,10.78,000,10.54788
2016-03-01,10.78,10.78,10.78,10.78,000,10.54788
2016-02-29,10.82,10.82,10.82,10.82,000,10.587018
2016-02-26,10.81,10.81,10.81,10.81,000,10.556686
2016-02-25,10.84,10.84,10.84,10.84,000,10.585983
2016-02-24,10.82,10.82,10.82,10.82,000,10.566451
2016-02-23,10.82,10.82,10.82,10.82,000,10.566451
2016-02-22,10.81,10.81,10.81,10.81,000,10.556686
2016-02-19,10.81,10.81,10.81,10.81,000,10.556686
2016-02-18,10.81,10.81,10.81,10.81,000,10.556686
2016-02-17,10.78,10.78,10.78,10.78,000,10.527388
2016-02-16,10.79,10.79,10.79,10.79,000,10.537154
2016-02-12,10.81,10.81,10.81,10.81,000,10.556686
2016-02-11,10.86,10.86,10.86,10.86,000,10.605514
2016-02-10,10.85,10.85,10.85,10.85,000,10.595749
2016-02-09,10.83,10.83,10.83,10.83,000,10.576217
2016-02-08,10.84,10.84,10.84,10.84,000,10.585983
2016-02-05,10.79,10.79,10.79,10.79,000,10.537154
2016-02-04,10.79,10.79,10.79,10.79,000,10.537154
2016-02-03,10.78,10.78,10.78,10.78,000,10.527388
2016-02-02,10.80,10.80,10.80,10.80,000,10.54692
2016-02-01,10.75,10.75,10.75,10.75,000,10.498092
2016-01-29,10.77,10.77,10.77,10.77,000,10.517624
2016-01-28,10.74,10.74,10.74,10.74,000,10.466842
2016-01-27,10.73,10.73,10.73,10.73,000,10.457096
2016-01-26,10.73,10.73,10.73,10.73,000,10.457096
2016-01-25,10.73,10.73,10.73,10.73,000,10.457096
2016-01-22,10.72,10.72,10.72,10.72,000,10.447351
2016-01-21,10.73,10.73,10.73,10.73,000,10.457096
2016-01-20,10.74,10.74,10.74,10.74,000,10.466842
2016-01-19,10.73,10.73,10.73,10.73,000,10.457096
2016-01-15,10.74,10.74,10.74,10.74,000,10.466842
2016-01-14,10.72,10.72,10.72,10.72,000,10.447351
2016-01-13,10.74,10.74,10.74,10.74,000,10.466842
2016-01-12,10.72,10.72,10.72,10.72,000,10.447351
2016-01-11,10.69,10.69,10.69,10.69,000,10.418113
2016-01-08,10.72,10.72,10.72,10.72,000,10.447351
2016-01-07,10.70,10.70,10.70,10.70,000,10.427859
2016-01-06,10.69,10.69,10.69,10.69,000,10.418113
2016-01-05,10.65,10.65,10.65,10.65,000,10.379131
2016-01-04,10.66,10.66,10.66,10.66,000,10.388876
2015-12-31,10.64,10.64,10.64,10.64,000,10.369386
2015-12-30,10.62,10.62,10.62,10.62,000,10.328453
2015-12-29,10.62,10.62,10.62,10.62,000,10.328453
2015-12-28,10.66,10.66,10.66,10.66,000,10.367355
2015-12-24,10.66,10.66,10.66,10.66,000,10.367355
2015-12-23,10.65,10.65,10.65,10.65,000,10.35763
2015-12-22,10.66,10.66,10.66,10.66,000,10.367355
2015-12-21,10.69,10.69,10.69,10.69,000,10.389723
2015-12-18,10.69,10.69,10.69,10.69,000,10.389723
2015-12-17,10.68,10.68,10.68,10.68,000,10.380005
2015-12-16,10.65,10.65,10.65,10.65,000,10.350847
2015-12-15,10.66,10.66,10.66,10.66,000,10.360566
2015-12-14,10.69,10.69,10.69,10.69,000,10.389723
2015-12-11,10.74,10.74,10.74,10.74,000,10.438319
2015-12-10,10.70,10.70,10.70,10.70,000,10.399443
2015-12-09,10.71,10.71,10.71,10.71,000,10.409162
2015-12-08,10.71,10.71,10.71,10.71,000,10.409162
2015-12-07,10.71,10.71,10.71,10.71,000,10.409162
2015-12-04,10.69,10.69,10.69,10.69,000,10.389723
2015-12-03,10.67,10.67,10.67,10.67,000,10.370285
2015-12-02,10.74,10.74,10.74,10.74,000,10.438319
2015-12-01,10.75,10.75,10.75,10.75,000,10.448038
2015-11-30,10.71,10.71,10.71,10.71,000,10.409162
2015-11-27,10.71,10.71,10.71,10.71,000,10.388752
2015-11-25,10.70,10.70,10.70,10.70,000,10.379052
2015-11-24,10.70,10.70,10.70,10.70,000,10.379052
2015-11-23,10.70,10.70,10.70,10.70,000,10.379052
2015-11-20,10.70,10.70,10.70,10.70,000,10.379052
2015-11-19,10.71,10.71,10.71,10.71,000,10.388752
2015-11-18,10.69,10.69,10.69,10.69,000,10.369352
2015-11-17,10.69,10.69,10.69,10.69,000,10.369352
2015-11-16,10.69,10.69,10.69,10.69,000,10.369352
2015-11-13,10.69,10.69,10.69,10.69,000,10.369352
2015-11-12,10.67,10.67,10.67,10.67,000,10.349952
2015-11-11,10.66,10.66,10.66,10.66,000,10.340252
2015-11-10,10.67,10.67,10.67,10.67,000,10.349952
2015-11-09,10.66,10.66,10.66,10.66,000,10.340252
2015-11-06,10.67,10.67,10.67,10.67,000,10.349952
2015-11-05,10.72,10.72,10.72,10.72,000,10.398452
2015-11-04,10.72,10.72,10.72,10.72,000,10.398452
2015-11-03,10.73,10.73,10.73,10.73,000,10.408152
2015-11-02,10.75,10.75,10.75,10.75,000,10.427552
2015-10-30,10.76,10.76,10.76,10.76,000,10.437252
2015-10-29,10.75,10.75,10.75,10.75,000,10.407182
2015-10-28,10.79,10.79,10.79,10.79,000,10.445906
2015-10-27,10.82,10.82,10.82,10.82,000,10.47495
2015-10-26,10.81,10.81,10.81,10.81,000,10.465269
2015-10-23,10.80,10.80,10.80,10.80,000,10.455588
2015-10-22,10.82,10.82,10.82,10.82,000,10.47495
2015-10-21,10.81,10.81,10.81,10.81,000,10.465269
2015-10-20,10.79,10.79,10.79,10.79,000,10.445906
2015-10-19,10.81,10.81,10.81,10.81,000,10.465269
2015-10-16,10.81,10.81,10.81,10.81,000,10.465269
2015-10-15,10.82,10.82,10.82,10.82,000,10.47495
2015-10-14,10.84,10.84,10.84,10.84,000,10.494312
2015-10-13,10.80,10.80,10.80,10.80,000,10.455588
2015-10-12,10.80,10.80,10.80,10.80,000,10.455588
2015-10-09,10.77,10.77,10.77,10.77,000,10.426545
2015-10-08,10.77,10.77,10.77,10.77,000,10.426545
2015-10-07,10.79,10.79,10.79,10.79,000,10.445906
2015-10-06,10.80,10.80,10.80,10.80,000,10.455588
2015-10-05,10.79,10.79,10.79,10.79,000,10.445906
2015-10-02,10.82,10.82,10.82,10.82,000,10.47495
2015-10-01,10.79,10.79,10.79,10.79,000,10.445906
2015-09-30,10.78,10.78,10.78,10.78,000,10.436225
2015-09-29,10.79,10.79,10.79,10.79,000,10.425576
2015-09-28,10.78,10.78,10.78,10.78,000,10.415914
2015-09-25,10.75,10.75,10.75,10.75,000,10.386927
2015-09-24,10.77,10.77,10.77,10.77,000,10.406252
2015-09-23,10.76,10.76,10.76,10.76,000,10.39659
2015-09-22,10.77,10.77,10.77,10.77,000,10.406252
2015-09-21,10.74,10.74,10.74,10.74,000,10.377265
2015-09-18,10.78,10.78,10.78,10.78,000,10.415914
2015-09-17,10.74,10.74,10.74,10.74,000,10.377265
2015-09-16,10.69,10.69,10.69,10.69,000,10.328953
2015-09-15,10.69,10.69,10.69,10.69,000,10.328953
2015-09-14,10.74,10.74,10.74,10.74,000,10.377265
2015-09-11,10.74,10.74,10.74,10.74,000,10.377265
2015-09-10,10.73,10.73,10.73,10.73,000,10.367602
2015-09-09,10.74,10.74,10.74,10.74,000,10.377265
2015-09-08,10.73,10.73,10.73,10.73,000,10.367602
2015-09-04,10.77,10.77,10.77,10.77,000,10.406252
2015-09-03,10.75,10.75,10.75,10.75,000,10.386927
2015-09-02,10.73,10.73,10.73,10.73,000,10.367602
2015-09-01,10.75,10.75,10.75,10.75,000,10.386927
2015-08-31,10.72,10.72,10.72,10.72,000,10.357941
2015-08-28,10.74,10.74,10.74,10.74,000,10.356008
2015-08-27,10.74,10.74,10.74,10.74,000,10.356008
2015-08-26,10.74,10.74,10.74,10.74,000,10.356008
2015-08-25,10.78,10.78,10.78,10.78,000,10.394578
2015-08-24,10.82,10.82,10.82,10.82,000,10.433148
2015-08-21,10.82,10.82,10.82,10.82,000,10.433148
2015-08-20,10.80,10.80,10.80,10.80,000,10.413863
2015-08-19,10.79,10.79,10.79,10.79,000,10.40422
2015-08-18,10.75,10.75,10.75,10.75,000,10.365651
2015-08-17,10.77,10.77,10.77,10.77,000,10.384936
2015-08-14,10.76,10.76,10.76,10.76,000,10.375293
2015-08-13,10.76,10.76,10.76,10.76,000,10.375293
2015-08-12,10.79,10.79,10.79,10.79,000,10.40422
2015-08-11,10.80,10.80,10.80,10.80,000,10.413863
2015-08-10,10.75,10.75,10.75,10.75,000,10.365651
2015-08-07,10.78,10.78,10.78,10.78,000,10.394578
2015-08-06,10.76,10.76,10.76,10.76,000,10.375293
2015-08-05,10.74,10.74,10.74,10.74,000,10.356008
2015-08-04,10.76,10.76,10.76,10.76,000,10.375293
2015-08-03,10.80,10.80,10.80,10.80,000,10.413863
2015-07-31,10.78,10.78,10.78,10.78,000,10.394578
2015-07-30,10.75,10.75,10.75,10.75,000,10.344437
2015-07-29,10.74,10.74,10.74,10.74,000,10.334814
2015-07-28,10.75,10.75,10.75,10.75,000,10.344437
2015-07-27,10.77,10.77,10.77,10.77,000,10.363683
2015-07-24,10.75,10.75,10.75,10.75,000,10.344437
2015-07-23,10.75,10.75,10.75,10.75,000,10.344437
2015-07-22,10.73,10.73,10.73,10.73,000,10.325191
2015-07-21,10.72,10.72,10.72,10.72,000,10.315569
2015-07-20,10.70,10.70,10.70,10.70,000,10.296323
2015-07-17,10.72,10.72,10.72,10.72,000,10.315569
2015-07-16,10.72,10.72,10.72,10.72,000,10.315569
2015-07-15,10.71,10.71,10.71,10.71,000,10.305946
2015-07-14,10.69,10.69,10.69,10.69,000,10.2867
2015-07-13,10.67,10.67,10.67,10.67,000,10.267455
2015-07-10,10.69,10.69,10.69,10.69,000,10.2867
2015-07-09,10.73,10.73,10.73,10.73,000,10.325191
2015-07-08,10.79,10.79,10.79,10.79,000,10.382928
2015-07-07,10.76,10.76,10.76,10.76,000,10.35406
2015-07-06,10.74,10.74,10.74,10.74,000,10.334814
2015-07-02,10.70,10.70,10.70,10.70,000,10.296323
2015-07-01,10.68,10.68,10.68,10.68,000,10.277078
2015-06-30,10.72,10.72,10.72,10.72,000,10.315569
2015-06-29,10.73,10.73,10.73,10.73,000,10.304983
2015-06-26,10.66,10.66,10.66,10.66,000,10.237756
2015-06-25,10.69,10.69,10.69,10.69,000,10.266568
2015-06-24,10.71,10.71,10.71,10.71,000,10.285776
2015-06-23,10.69,10.69,10.69,10.69,000,10.266568
2015-06-22,10.71,10.71,10.71,10.71,000,10.285776
2015-06-19,10.76,10.76,10.76,10.76,000,10.333796
2015-06-18,10.73,10.73,10.73,10.73,000,10.304983
2015-06-17,10.74,10.74,10.74,10.74,000,10.314587
2015-06-16,10.74,10.74,10.74,10.74,000,10.314587
2015-06-15,10.72,10.72,10.72,10.72,000,10.29538
2015-06-12,10.71,10.71,10.71,10.71,000,10.285776
2015-06-11,10.72,10.72,10.72,10.72,000,10.29538
2015-06-10,10.67,10.67,10.67,10.67,000,10.24736
2015-06-09,10.70,10.70,10.70,10.70,000,10.276172
2015-06-08,10.72,10.72,10.72,10.72,000,10.29538
2015-06-05,10.71,10.71,10.71,10.71,000,10.285776
2015-06-04,10.76,10.76,10.76,10.76,000,10.333796
2015-06-03,10.73,10.73,10.73,10.73,000,10.304983
2015-06-02,10.78,10.78,10.78,10.78,000,10.353003
2015-06-01,10.82,10.82,10.82,10.82,000,10.391419
2015-05-29,10.85,10.85,10.85,10.85,000,10.420231
2015-05-28,10.85,10.85,10.85,10.85,000,10.400063
2015-05-27,10.85,10.85,10.85,10.85,000,10.400063
2015-05-26,10.85,10.85,10.85,10.85,000,10.400063
2015-05-22,10.81,10.81,10.81,10.81,000,10.361721
2015-05-21,10.83,10.83,10.83,10.83,000,10.380892
2015-05-20,10.79,10.79,10.79,10.79,000,10.34255
2015-05-19,10.78,10.78,10.78,10.78,000,10.332965
2015-05-18,10.82,10.82,10.82,10.82,000,10.371306
2015-05-15,10.86,10.86,10.86,10.86,000,10.409647
2015-05-14,10.81,10.81,10.81,10.81,000,10.361721
2015-05-13,10.79,10.79,10.79,10.79,000,10.34255
2015-05-12,10.80,10.80,10.80,10.80,000,10.352136
2015-05-11,10.80,10.80,10.80,10.80,000,10.352136
2015-05-08,10.86,10.86,10.86,10.86,000,10.409647
2015-05-07,10.84,10.84,10.84,10.84,000,10.390477
2015-05-06,10.82,10.82,10.82,10.82,000,10.371306
2015-05-05,10.85,10.85,10.85,10.85,000,10.400063
2015-05-04,10.86,10.86,10.86,10.86,000,10.409647
2015-05-01,10.88,10.88,10.88,10.88,000,10.428818
2015-04-30,10.92,10.92,10.92,10.92,000,10.467159
2015-04-29,10.92,10.92,10.92,10.92,000,10.447989
2015-04-28,10.95,10.95,10.95,10.95,000,10.476692
2015-04-27,10.98,10.98,10.98,10.98,000,10.505395
2015-04-24,10.99,10.99,10.99,10.99,000,10.514963
2015-04-23,10.97,10.97,10.97,10.97,000,10.495828
2015-04-22,10.95,10.95,10.95,10.95,000,10.476692
2015-04-21,10.99,10.99,10.99,10.99,000,10.514963
2015-04-20,11.00,11.00,11.00,11.00,000,10.524531
2015-04-17,11.02,11.02,11.02,11.02,000,10.543667
2015-04-16,11.01,11.01,11.01,11.01,000,10.534099
2015-04-15,11.01,11.01,11.01,11.01,000,10.534099
2015-04-14,11.01,11.01,11.01,11.01,000,10.534099
2015-04-13,10.99,10.99,10.99,10.99,000,10.514963
2015-04-10,10.98,10.98,10.98,10.98,000,10.505395
2015-04-09,10.97,10.97,10.97,10.97,000,10.495828
2015-04-08,11.01,11.01,11.01,11.01,000,10.534099
2015-04-07,11.01,11.01,11.01,11.01,000,10.534099
2015-04-06,11.00,11.00,11.00,11.00,000,10.524531
2015-04-02,11.00,11.00,11.00,11.00,000,10.524531
2015-04-01,11.02,11.02,11.02,11.02,000,10.543667
2015-03-31,10.98,10.98,10.98,10.98,000,10.505395
2015-03-30,10.97,10.97,10.97,10.97,000,10.472866
2015-03-27,10.97,10.97,10.97,10.97,000,10.472866
2015-03-26,10.94,10.94,10.94,10.94,000,10.444225
2015-03-25,10.98,10.98,10.98,10.98,000,10.482412
2015-03-24,11.01,11.01,11.01,11.01,000,10.511053
2015-03-23,10.99,10.99,10.99,10.99,000,10.491959
2015-03-20,10.98,10.98,10.98,10.98,000,10.482412
2015-03-19,10.96,10.96,10.96,10.96,000,10.463319
2015-03-18,10.98,10.98,10.98,10.98,000,10.482412
2015-03-17,10.91,10.91,10.91,10.91,000,10.415584
2015-03-16,10.91,10.91,10.91,10.91,000,10.415584
2015-03-13,10.89,10.89,10.89,10.89,000,10.396491
2015-03-12,10.90,10.90,10.90,10.90,000,10.406037
2015-03-11,10.90,10.90,10.90,10.90,000,10.406037
2015-03-10,10.89,10.89,10.89,10.89,000,10.396491
2015-03-09,10.86,10.86,10.86,10.86,000,10.36785
2015-03-06,10.84,10.84,10.84,10.84,000,10.348757
2015-03-05,10.90,10.90,10.90,10.90,000,10.406037
2015-03-04,10.90,10.90,10.90,10.90,000,10.406037
2015-03-03,10.90,10.90,10.90,10.90,000,10.406037
2015-03-02,10.91,10.91,10.91,10.91,000,10.415584
2015-02-27,10.96,10.96,10.96,10.96,000,10.463319
2015-02-26,10.93,10.93,10.93,10.93,000,10.415584
